 6s1/2    6p1/2       895          4.535       0.077       4.535(77) 
 6s1/2    6p3/2       852          6.382       0.079       6.382(79) 
 6s1/2    7p1/2       459          0.298       0.023       0.298(23) 
 6s1/2    7p3/2       456          0.601       0.028       0.601(28) 
 6s1/2    8p1/2       389          0.092       0.013       0.092(13) 
 6s1/2    8p3/2       388          0.232       0.015       0.232(15) 
 6s1/2    9p1/2       362         0.0429      0.0089      0.0429(89) 
 6s1/2    9p3/2       361          0.130       0.011       0.130(11) 
 6s1/2   10p1/2       348         0.0248      0.0067      0.0248(67) 
 6s1/2   10p3/2       348         0.0860      0.0083      0.0860(83) 
 6s1/2   11p1/2       340         0.0162      0.0054      0.0162(54) 
 6s1/2   11p3/2       340         0.0627      0.0067      0.0627(67) 
 6s1/2   12p1/2       335         0.0115      0.0044      0.0115(44) 
 6s1/2   12p3/2       335         0.0486      0.0055      0.0486(55) 
 6s1/2   13p1/2       332         0.0087      0.0037      0.0087(37) 
 6s1/2   13p3/2       331         0.0392      0.0046      0.0392(46) 
 6s1/2   14p1/2       329         0.0069      0.0032      0.0069(32) 
 6s1/2   14p3/2       329         0.0326      0.0040      0.0326(40) 
 6p1/2    5d3/2      3011           7.06        0.14        7.06(14) 
 6p1/2    6d3/2       876          4.235       0.069       4.235(69) 
 6p1/2    7d3/2       673          2.054       0.018       2.054(18) 
 6p1/2    8d3/2       601          1.297       0.016       1.297(16) 
 6p1/2    9d3/2       567          0.925       0.012       0.925(12) 
 6p1/2   10d3/2       547         0.7081      0.0096      0.7081(96) 
 6p1/2   11d3/2       534         0.5668      0.0078      0.5668(78) 
 6p1/2   12d3/2       526         0.4683      0.0065      0.4683(65) 
 6p1/2   13d3/2       520         0.3961      0.0055      0.3961(55) 
 6p3/2    5d3/2      3614          3.187       0.068       3.187(68) 
 6p3/2    5d5/2      3491           9.66        0.18        9.66(18) 
 6p3/2    6d3/2       921          2.092       0.033       2.092(33) 
 6p3/2    6d5/2       917          6.128       0.092       6.128(92) 
 6p3/2    7d3/2       699         0.9758      0.0095      0.9758(95) 
 6p3/2    7d5/2       698          2.893       0.026       2.893(26) 
 6p3/2    8d3/2       622         0.6071      0.0077      0.6071(77) 
 6p3/2    8d5/2       621          1.807       0.021       1.807(21) 
 6p3/2    9d3/2       585         0.4300      0.0058      0.4300(58) 
 6p3/2    9d5/2       585          1.283       0.016       1.283(16) 
 6p3/2   10d3/2       564         0.3276      0.0045      0.3276(45) 
 6p3/2   10d5/2       564          0.979       0.012       0.979(12) 
 6p3/2   11d3/2       551         0.2615      0.0037      0.2615(37) 
 6p3/2   11d5/2       550          0.782       0.010       0.782(10) 
 6p3/2   12d3/2       542         0.2157      0.0030      0.2157(30) 
 6p3/2   12d5/2       542         0.6452      0.0084      0.6452(84) 
 6p3/2   13d3/2       535         0.1822      0.0026      0.1822(26) 
 6p3/2   13d5/2       535         0.5452      0.0071      0.5452(71) 
 5d3/2    4f5/2      1003           7.12        0.56        7.12(56) 
 5d3/2    5f5/2       802           3.66        0.10        3.66(10) 
 5d3/2    6f5/2       723          2.383       0.026       2.383(26) 
 5d3/2    7f5/2       683          1.734       0.011       1.734(11) 
 5d3/2    8f5/2       659          1.345       0.012       1.345(12) 
 5d3/2    9f5/2       643          1.087       0.035       1.087(35) 
 5d3/2   10f5/2       633          0.905       0.026       0.905(26) 
 5d3/2   11f5/2       625          0.770       0.020       0.770(20) 
 5d3/2   12f5/2       620          0.666       0.016       0.666(16) 
 5d5/2    4f5/2      1013           1.93        0.14        1.93(14) 
 5d5/2    4f7/2      1013           8.63        0.62        8.63(62) 
 5d5/2    5f5/2       808          0.990       0.025       0.990(25) 
 5d5/2    5f7/2       808           4.43        0.11        4.43(11) 
 5d5/2    6f5/2       728         0.6443      0.0060      0.6443(60) 
 5d5/2    6f7/2       728          2.882       0.027       2.882(27) 
 5d5/2    7f5/2       687         0.4685      0.0029      0.4685(29) 
 5d5/2    7f7/2       687          2.095       0.013       2.095(13) 
 5d5/2    8f5/2       663          0.363       0.012       0.363(12) 
 5d5/2    8f7/2       663          1.624       0.054       1.624(54) 
 5d5/2    9f5/2       647         0.2934      0.0082      0.2934(82) 
 5d5/2    9f7/2       647          1.312       0.037       1.312(37) 
 5d5/2   10f5/2       637         0.2441      0.0060      0.2441(60) 
 5d5/2   10f7/2       637          1.092       0.027       1.092(27) 
 5d5/2   11f5/2       629         0.2077      0.0046      0.2077(46) 
 5d5/2   11f7/2       629          0.929       0.020       0.929(20) 
 5d5/2   12f5/2       623         0.1797      0.0036      0.1797(36) 
 5d5/2   12f7/2       623          0.804       0.016       0.804(16) 
 7s1/2    6p1/2      1359          4.243       0.012       4.243(12) 
 7s1/2    6p3/2      1470          6.480       0.019       6.480(19) 
 7s1/2    7p1/2      3096         10.310       0.040      10.310(40) 
 7s1/2    7p3/2      2932         14.323       0.061      14.323(61) 
 7s1/2    8p1/2      1394          0.914       0.027       0.914(27) 
 7s1/2    8p3/2      1378          1.620       0.035       1.620(35) 
 7s1/2    9p1/2      1099         0.3485      0.0035      0.3485(35) 
 7s1/2    9p3/2      1093         0.6799      0.0096      0.6799(96) 
 7s1/2   10p1/2       981         0.1908      0.0019      0.1908(19) 
 7s1/2   10p3/2       979         0.3962      0.0066      0.3962(66) 
 7s1/2   11p1/2       920         0.1247      0.0013      0.1247(13) 
 7s1/2   11p3/2       919         0.2699      0.0048      0.2699(48) 
 7s1/2   12p1/2       884        0.09000     0.00096     0.09000(96) 
 7s1/2   12p3/2       883         0.2006      0.0072      0.2006(72) 
 7s1/2   13p1/2       860        0.06921     0.00073     0.06921(73) 
 7s1/2   13p3/2       859         0.1576      0.0059      0.1576(59) 
 7s1/2   14p1/2       843        0.05557     0.00058     0.05557(58) 
 7s1/2   14p3/2       843         0.1286      0.0050      0.1286(50) 
 7p1/2    5d3/2      1376           2.28        0.44        2.28(44) 
 7p1/2    6d3/2                   17.989       0.044      17.989(44) 
 7p1/2    7d3/2      2335           6.55        0.22        6.55(22) 
 7p1/2    8d3/2      1654          3.166       0.060       3.166(60) 
 7p1/2    9d3/2      1416          2.007       0.029       2.007(29) 
 7p1/2   10d3/2      1298          1.440       0.018       1.440(18) 
 7p1/2   11d3/2      1230          1.108       0.012       1.108(12) 
 7p1/2   12d3/2      1186         0.8918      0.0089      0.8918(89) 
 7p1/2   13d3/2      1156         0.7406      0.0076      0.7406(76) 
 7p3/2    5d3/2      1343           0.91        0.19        0.91(19) 
 7p3/2    5d5/2      1361           2.81        0.54        2.81(54) 
 7p3/2    6d3/2                    8.074       0.021       8.074(21) 
 7p3/2    6d5/2                   24.354       0.057      24.354(57) 
 7p3/2    7d3/2      2438           3.31        0.11        3.31(11) 
 7p3/2    7d5/2      2426           9.64        0.29        9.64(29) 
 7p3/2    8d3/2      1705          1.533       0.025       1.533(25) 
 7p3/2    8d5/2      1702          4.516       0.074       4.516(74) 
 7p3/2    9d3/2      1453          0.956       0.011       0.956(11) 
 7p3/2    9d5/2      1452          2.830       0.034       2.830(34) 
 7p3/2   10d3/2      1329         0.6803      0.0065      0.6803(65) 
 7p3/2   10d5/2      1329          2.018       0.019       2.018(19) 
 7p3/2   11d3/2      1258         0.5209      0.0053      0.5209(53) 
 7p3/2   11d5/2      1257          1.547       0.014       1.547(14) 
 7p3/2   12d3/2      1212         0.4178      0.0044      0.4178(44) 
 7p3/2   12d5/2      1212          1.242       0.012       1.242(12) 
 7p3/2   13d3/2      1181         0.3462      0.0037      0.3462(37) 
 7p3/2   13d5/2      1180          1.030       0.010       1.030(10) 
 6d3/2    4f5/2      5310         24.618       0.092      24.618(92) 
 6d3/2    5f5/2      2282           3.96        0.18        3.96(18) 
 6d3/2    6f5/2      1742          2.894       0.060       2.894(60) 
 6d3/2    7f5/2      1525          2.120       0.048       2.120(48) 
 6d3/2    8f5/2      1410          1.637       0.038       1.637(38) 
 6d3/2    9f5/2      1342          1.316       0.030       1.316(30) 
 6d3/2   10f5/2      1296          1.090       0.025       1.090(25) 
 6d3/2   11f5/2      1265          0.924       0.021       0.924(21) 
 6d3/2   12f5/2      1242          0.798       0.018       0.798(18) 
 6d5/2    4f5/2      5433          6.599       0.022       6.599(22) 
 6d5/2    4f7/2      5434         29.511       0.099      29.511(99) 
 6d5/2    5f5/2      2304          1.126       0.046       1.126(46) 
 6d5/2    5f7/2      2304           5.04        0.20        5.04(20) 
 6d5/2    6f5/2      1755          0.806       0.016       0.806(16) 
 6d5/2    6f7/2      1755          3.607       0.071       3.607(71) 
 6d5/2    7f5/2      1535          0.587       0.012       0.587(12) 
 6d5/2    7f7/2      1535          2.625       0.055       2.625(55) 
 6d5/2    8f5/2      1419         0.4515      0.0095      0.4515(95) 
 6d5/2    8f7/2      1419          2.020       0.043       2.020(43) 
 6d5/2    9f5/2      1349         0.3623      0.0076      0.3623(76) 
 6d5/2    9f7/2      1349          1.621       0.034       1.621(34) 
 6d5/2   10f5/2      1304         0.2999      0.0063      0.2999(63) 
 6d5/2   10f7/2      1304          1.342       0.028       1.342(28) 
 6d5/2   11f5/2      1272         0.2540      0.0053      0.2540(53) 
 6d5/2   11f7/2      1272          1.136       0.024       1.136(24) 
 6d5/2   12f5/2      1249         0.2191      0.0045      0.2191(45) 
 6d5/2   12f7/2      1249          0.980       0.020       0.980(20) 
 8s1/2    6p1/2       761          1.023       0.010       1.023(10) 
 8s1/2    6p3/2       795          1.455       0.015       1.455(15) 
 8s1/2    7p1/2      3919          9.313       0.023       9.313(23) 
 8s1/2    7p3/2      4218         14.066       0.068      14.066(68) 
 8s1/2    8p1/2      7186         17.777       0.059      17.777(59) 
 8s1/2    8p3/2      6783         24.564       0.095      24.564(95) 
 8s1/2    9p1/2      3012          1.724       0.039       1.724(39) 
 8s1/2    9p3/2      2972          2.942       0.051       2.942(51) 
 8s1/2   10p1/2      2268          0.665       0.014       0.665(14) 
 8s1/2   10p3/2      2254          1.241       0.028       1.241(28) 
 8s1/2   11p1/2      1966         0.3769      0.0081      0.3769(81) 
 8s1/2   11p3/2      1959          0.726       0.018       0.726(18) 
 8s1/2   12p1/2      1807         0.2495      0.0061      0.2495(61) 
 8s1/2   12p3/2      1803          0.496       0.010       0.496(10) 
 8s1/2   13p1/2      1710         0.1819      0.0048      0.1819(48) 
 8s1/2   13p3/2      1707         0.3636      0.0078      0.3636(78) 
 8s1/2   14p1/2      1646         0.1409      0.0042      0.1409(42) 
 8s1/2   14p3/2      1644         0.2860      0.0064      0.2860(64) 
 8p1/2    5d3/2       892          0.630       0.050       0.630(50) 
 8p1/2    6d3/2      3205           5.01        0.16        5.01(16) 
 8p1/2    7d3/2                    31.97        0.10       31.97(10) 
 8p1/2    8d3/2      4756           9.19        0.40        9.19(40) 
 8p1/2    9d3/2      3205           4.38        0.11        4.38(11) 
 8p1/2   10d3/2      2660          2.764       0.056       2.764(56) 
 8p1/2   11d3/2      2388          1.982       0.035       1.982(35) 
 8p1/2   12d3/2      2228          1.527       0.025       1.527(25) 
 8p1/2   13d3/2      2125          1.231       0.019       1.231(19) 
 8p3/2    5d3/2       886          0.257       0.026       0.257(26) 
 8p3/2    5d5/2       893          0.796       0.073       0.796(73) 
 8p3/2    6d3/2      3122          1.980       0.072       1.980(72) 
 8p3/2    6d5/2      3165           6.17        0.20        6.17(20) 
 8p3/2    7d3/2                   14.352       0.053      14.352(53) 
 8p3/2    7d5/2                    43.21        0.15       43.21(15) 
 8p3/2    8d3/2      4951           4.72        0.19        4.72(19) 
 8p3/2    8d5/2      4923          13.66        0.52       13.66(52) 
 8p3/2    9d3/2      3293          2.148       0.049       2.148(49) 
 8p3/2    9d5/2      3285           6.30        0.14        6.30(14) 
 8p3/2   10d3/2      2720          1.333       0.023       1.333(23) 
 8p3/2   10d5/2      2716          3.930       0.067       3.930(67) 
 8p3/2   11d3/2      2436          0.947       0.014       0.947(14) 
 8p3/2   11d5/2      2434          2.800       0.041       2.800(41) 
 8p3/2   12d3/2      2270         0.7256      0.0095      0.7256(95) 
 8p3/2   12d5/2      2269          2.148       0.028       2.148(28) 
 8p3/2   13d3/2      2163         0.5828      0.0070      0.5828(70) 
 8p3/2   13d5/2      2162          1.727       0.021       1.727(21) 
 7d3/2    4f5/2      6347          13.03        0.31       13.03(31) 
 7d3/2    5f5/2                    43.41        0.22       43.41(22) 
 7d3/2    6f5/2      4383           1.82        0.33        1.82(33) 
 7d3/2    7f5/2      3226           2.21        0.20        2.21(20) 
 7d3/2    8f5/2      2754           1.82        0.13        1.82(13) 
 7d3/2    9f5/2      2503          1.482       0.096       1.482(96) 
 7d3/2   10f5/2      2351          1.231       0.074       1.231(74) 
 7d3/2   11f5/2      2249          1.043       0.060       1.043(60) 
 7d3/2   12f5/2      2177          0.899       0.050       0.899(50) 
 7d5/2    4f5/2      6264          3.421       0.077       3.421(77) 
 7d5/2    4f7/2      6263          15.29        0.34       15.29(34) 
 7d5/2    5f5/2                   11.661       0.055      11.661(55) 
 7d5/2    5f7/2                    52.15        0.25       52.15(25) 
 7d5/2    6f5/2      4423          0.585       0.086       0.585(86) 
 7d5/2    6f7/2      4424           2.62        0.39        2.62(39) 
 7d5/2    7f5/2      3248          0.641       0.051       0.641(51) 
 7d5/2    7f7/2      3248           2.87        0.23        2.87(23) 
 7d5/2    8f5/2      2770          0.517       0.033       0.517(33) 
 7d5/2    8f7/2      2770           2.32        0.15        2.32(15) 
 7d5/2    9f5/2      2517          0.419       0.024       0.419(24) 
 7d5/2    9f7/2      2517           1.87        0.11        1.87(11) 
 7d5/2   10f5/2      2362          0.346       0.019       0.346(19) 
 7d5/2   10f7/2      2362          1.549       0.084       1.549(84) 
 7d5/2   11f5/2      2260          0.292       0.015       0.292(15) 
 7d5/2   11f7/2      2260          1.309       0.068       1.309(68) 
 7d5/2   12f5/2      2187          0.252       0.012       0.252(12) 
 7d5/2   12f7/2      2187          1.126       0.056       1.126(56) 
 9s1/2    6p1/2       636         0.5448      0.0057      0.5448(57) 
 9s1/2    6p3/2       659         0.7656      0.0088      0.7656(88) 
 9s1/2    7p1/2      1944          1.959       0.018       1.959(18) 
 9s1/2    7p3/2      2014          2.727       0.028       2.727(28) 
 9s1/2    8p1/2      8321         16.058       0.037      16.058(37) 
 9s1/2    8p3/2      8935         24.126       0.050      24.126(50) 
 9s1/2    9p1/2                   27.102       0.081      27.102(81) 
 9s1/2    9p3/2                    37.33        0.13       37.33(13) 
 9s1/2   10p1/2      5506          2.735       0.054       2.735(54) 
 9s1/2   10p3/2      5426          4.579       0.070       4.579(70) 
 9s1/2   11p1/2      4012          1.068       0.020       1.068(20) 
 9s1/2   11p3/2      3984          1.913       0.027       1.913(27) 
 9s1/2   12p1/2      3399          0.600       0.010       0.600(10) 
 9s1/2   12p3/2      3386          1.128       0.021       1.128(21) 
 9s1/2   13p1/2      3072          0.403       0.010       0.403(10) 
 9s1/2   13p3/2      3064         0.7612      0.0098      0.7612(98) 
 9s1/2   14p1/2      2872         0.2945      0.0079      0.2945(79) 
 9s1/2   14p3/2      2867         0.5662      0.0070      0.5662(70) 
 9p1/2    5d3/2       761          0.338       0.021       0.338(21) 
 9p1/2    6d3/2      1981          1.561       0.023       1.561(23) 
 9p1/2    7d3/2      6293           9.02        0.19        9.02(19) 
 9p1/2    8d3/2                    49.29        0.13       49.29(13) 
 9p1/2    9d3/2      8391          12.19        0.60       12.19(60) 
 9p1/2   10d3/2      5461           5.73        0.18        5.73(18) 
 9p1/2   11d3/2      4426          3.593       0.089       3.593(89) 
 9p1/2   12d3/2      3907          2.569       0.056       2.569(56) 
 9p1/2   13d3/2      3599          1.976       0.039       1.976(39) 
 9p3/2    5d3/2       759          0.138       0.012       0.138(12) 
 9p3/2    5d5/2       764          0.427       0.032       0.427(32) 
 9p3/2    6d3/2      1964         0.6331      0.0095      0.6331(95) 
 9p3/2    6d5/2      1980          1.966       0.027       1.966(27) 
 9p3/2    7d3/2      6121          3.564       0.086       3.564(86) 
 9p3/2    7d5/2      6200          11.12        0.25       11.12(25) 
 9p3/2    8d3/2                   22.136       0.072      22.136(72) 
 9p3/2    8d5/2                    66.57        0.20       66.57(20) 
 9p3/2    9d3/2      8718           6.33        0.29        6.33(29) 
 9p3/2    9d5/2      8665          18.27        0.80       18.27(80) 
 9p3/2   10d3/2      5597          2.837       0.078       2.837(78) 
 9p3/2   10d5/2      5583           8.30        0.22        8.30(22) 
 9p3/2   11d3/2      4515          1.749       0.038       1.749(38) 
 9p3/2   11d5/2      4509           5.14        0.11        5.14(11) 
 9p3/2   12d3/2      3976          1.238       0.023       1.238(23) 
 9p3/2   12d5/2      3972          3.650       0.066       3.650(66) 
 9p3/2   13d3/2      3658          0.947       0.016       0.947(16) 
 9p3/2   13d5/2      3655          2.796       0.046       2.796(46) 
 8d3/2    4f5/2      2995          2.487       0.030       2.487(30) 
 8d3/2    5f5/2                    26.05        0.63       26.05(63) 
 8d3/2    6f5/2                    65.22        0.51       65.22(51) 
 8d3/2    7f5/2      7481           0.33        0.26        0.33(26) 
 8d3/2    8f5/2      5355           1.47        0.32        1.47(32) 
 8d3/2    9f5/2      4482           1.46        0.21        1.46(21) 
 8d3/2   10f5/2      4015           1.28        0.15        1.28(15) 
 8d3/2   11f5/2      3727           1.11        0.12        1.11(12) 
 8d3/2   12f5/2      3535          0.961       0.094       0.961(94) 
 8d5/2    4f5/2      2984         0.6660      0.0070      0.6660(70) 
 8d5/2    4f7/2      2984          2.978       0.031       2.978(31) 
 8d5/2    5f5/2                     6.84        0.16        6.84(16) 
 8d5/2    5f7/2                    30.60        0.71       30.60(71) 
 8d5/2    6f5/2                    17.54        0.13       17.54(13) 
 8d5/2    6f7/2                    78.44        0.57       78.44(57) 
 8d5/2    7f5/2      7547           0.04        0.15        0.04(15) 
 8d5/2    7f7/2      7547           0.21        0.66        0.21(66) 
 8d5/2    8f5/2      5388          0.462       0.082       0.462(82) 
 8d5/2    8f7/2      5388           2.07        0.37        2.07(37) 
 8d5/2    9f5/2      4506          0.434       0.053       0.434(53) 
 8d5/2    9f7/2      4506           1.95        0.24        1.95(24) 
 8d5/2   10f5/2      4033          0.373       0.038       0.373(38) 
 8d5/2   10f7/2      4033           1.67        0.17        1.67(17) 
 8d5/2   11f5/2      3743          0.319       0.030       0.319(30) 
 8d5/2   11f7/2      3743           1.43        0.13        1.43(13) 
 8d5/2   12f5/2      3549          0.276       0.024       0.276(24) 
 8d5/2   12f7/2      3549           1.24        0.11        1.24(11) 
10s1/2    6p1/2       584         0.3613      0.0038      0.3613(38) 
10s1/2    6p3/2       604         0.5052      0.0060      0.5052(60) 
10s1/2    7p1/2      1530         0.9991      0.0095      0.9991(95) 
10s1/2    7p3/2      1574          1.371       0.015       1.371(15) 
10s1/2    8p1/2      3859          3.152       0.028       3.152(28) 
10s1/2    8p3/2      3986          4.337       0.043       4.337(43) 
10s1/2    9p1/2                   24.500       0.053      24.500(53) 
10s1/2    9p3/2                   36.692       0.080      36.692(80) 
10s1/2   10p1/2                    38.31        0.10       38.31(10) 
10s1/2   10p3/2                    52.66        0.17       52.66(17) 
10s1/2   11p1/2      9065          3.951       0.071       3.951(71) 
10s1/2   11p3/2      8924          6.539       0.093       6.539(93) 
10s1/2   12p1/2      6442          1.553       0.026       1.553(26) 
10s1/2   12p3/2      6393          2.732       0.036       2.732(36) 
10s1/2   13p1/2      5361          0.874       0.014       0.874(14) 
10s1/2   13p3/2      5336          1.605       0.028       1.605(28) 
10s1/2   14p1/2      4779          0.580       0.012       0.580(12) 
10s1/2   14p3/2      4764          1.082       0.013       1.082(13) 
10p1/2    5d3/2       703          0.224       0.012       0.224(12) 
10p1/2    6d3/2      1629          0.850       0.016       0.850(16) 
10p1/2    7d3/2      3733          2.860       0.078       2.860(78) 
10p1/2    8d3/2                    14.20        0.42       14.20(42) 
10p1/2    9d3/2                    69.99        0.14       69.99(14) 
10p1/2   10d3/2                    15.58        0.83       15.58(83) 
10p1/2   11d3/2      8550           7.22        0.25        7.22(25) 
10p1/2   12d3/2      6803           4.50        0.13        4.50(13) 
10p1/2   13d3/2      5921          3.205       0.080       3.205(80) 
10p3/2    5d3/2       702         0.0911      0.0070      0.0911(70) 
10p3/2    5d5/2       706          0.282       0.020       0.282(20) 
10p3/2    6d3/2      1622         0.3463      0.0067      0.3463(67) 
10p3/2    6d5/2      1633          1.074       0.019       1.074(19) 
10p3/2    7d3/2      3696          1.165       0.036       1.165(36) 
10p3/2    7d5/2      3725           3.61        0.10        3.61(10) 
10p3/2    8d3/2                     5.62        0.19        5.62(19) 
10p3/2    8d5/2                    17.52        0.55       17.52(55) 
10p3/2    9d3/2                   31.446       0.084      31.446(84) 
10p3/2    9d5/2                    94.51        0.23       94.51(23) 
10p3/2   10d3/2                     8.15        0.40        8.15(40) 
10p3/2   10d5/2                     23.5         1.1        23.5(1.1)
10p3/2   11d3/2      8751           3.60        0.11        3.60(11) 
10p3/2   11d5/2      8727          10.52        0.32       10.52(32) 
10p3/2   12d3/2      6929          2.205       0.054       2.205(54) 
10p3/2   12d5/2      6918           6.47        0.16        6.47(16) 
10p3/2   13d3/2      6017          1.555       0.033       1.555(33) 
10p3/2   13d5/2      6010          4.575       0.096       4.575(96) 
 9d3/2    4f5/2      2295          1.196       0.015       1.196(15) 
 9d3/2    5f5/2      5384          4.978       0.057       4.978(57) 
 9d3/2    6f5/2                     42.0         1.0        42.0(1.0)
 9d3/2    7f5/2                    90.51        0.86       90.51(86) 
 9d3/2    8f5/2                     2.69        0.80        2.69(80) 
 9d3/2    9f5/2      8240           0.64        0.44        0.64(44) 
 9d3/2   10f5/2      6787           1.04        0.29        1.04(29) 
 9d3/2   11f5/2      6004           1.03        0.21        1.03(21) 
 9d3/2   12f5/2      5520           0.94        0.16        0.94(16) 
 9d5/2    4f5/2      2292         0.3213      0.0035      0.3213(35) 
 9d5/2    4f7/2      2292          1.437       0.016       1.437(16) 
 9d5/2    5f5/2      5363          1.334       0.014       1.334(14) 
 9d5/2    5f7/2      5363          5.966       0.061       5.966(61) 
 9d5/2    6f5/2                    11.04        0.26       11.04(26) 
 9d5/2    6f7/2                     49.4         1.2        49.4(1.2)
 9d5/2    7f5/2                    24.36        0.21       24.36(21) 
 9d5/2    7f7/2                   108.93        0.96      108.93(96) 
 9d5/2    8f5/2                     0.55        0.21        0.55(21) 
 9d5/2    8f7/2                     2.45        0.93        2.45(93) 
 9d5/2    9f5/2      8288           0.26        0.11        0.26(11) 
 9d5/2    9f7/2      8289           1.16        0.51        1.16(51) 
 9d5/2   10f5/2      6820          0.335       0.073       0.335(73) 
 9d5/2   10f7/2      6820           1.50        0.33        1.50(33) 
 9d5/2   11f5/2      6030          0.316       0.053       0.316(53) 
 9d5/2   11f7/2      6030           1.42        0.24        1.42(24) 
 9d5/2   12f5/2      5542          0.283       0.040       0.283(40) 
 9d5/2   12f7/2      5542           1.27        0.18        1.27(18) 
11s1/2    6p1/2       557         0.2656      0.0028      0.2656(28) 
11s1/2    6p3/2       575         0.3704      0.0044      0.3704(44) 
11s1/2    7p1/2      1358         0.6504      0.0062      0.6504(62) 
11s1/2    7p3/2      1392         0.8873      0.0100      0.8873(00) 
11s1/2    8p1/2      2922          1.563       0.014       1.563(14) 
11s1/2    8p3/2      2994          2.115       0.023       2.115(23) 
11s1/2    9p1/2      6690          4.605       0.041       4.605(41) 
11s1/2    9p3/2      6896          6.288       0.062       6.288(62) 
11s1/2   10p1/2                   34.644       0.072      34.644(72) 
11s1/2   10p3/2                    51.77        0.12       51.77(12) 
11s1/2   11p1/2                    51.42        0.13       51.42(13) 
11s1/2   11p3/2                    70.58        0.22       70.58(22) 
11s1/2   12p1/2                    5.374       0.092       5.374(92) 
11s1/2   12p3/2                     8.82        0.12        8.82(12) 
11s1/2   13p1/2      9672          2.118       0.033       2.118(33) 
11s1/2   13p3/2      9593          3.682       0.046       3.682(46) 
11s1/2   14p1/2      7929          1.192       0.017       1.192(17) 
11s1/2   14p3/2      7890          2.156       0.035       2.156(35) 
11p1/2    5d3/2       671         0.1640      0.0085      0.1640(85) 
11p1/2    6d3/2      1467          0.564       0.011       0.564(11) 
11p1/2    7d3/2      2980          1.554       0.043       1.554(43) 
11p1/2    8d3/2      6281           4.51        0.13        4.51(13) 
11p1/2    9d3/2                    20.54        0.68       20.54(68) 
11p1/2   10d3/2                    94.10        0.17       94.10(17) 
11p1/2   11d3/2                     19.3         1.1        19.3(1.1)
11p1/2   12d3/2                     8.87        0.33        8.87(33) 
11p1/2   13d3/2      9878           5.49        0.17        5.49(17) 
11p3/2    5d3/2       670         0.0667      0.0049      0.0667(49) 
11p3/2    5d5/2       675          0.206       0.014       0.206(14) 
11p3/2    6d3/2      1464         0.2303      0.0049      0.2303(49) 
11p3/2    6d5/2      1473          0.714       0.014       0.714(14) 
11p3/2    7d3/2      2965          0.637       0.020       0.637(20) 
11p3/2    7d5/2      2983          1.971       0.057       1.971(57) 
11p3/2    8d3/2      6213          1.844       0.064       1.844(64) 
11p3/2    8d5/2      6258           5.70        0.18        5.70(18) 
11p3/2    9d3/2                     8.14        0.31        8.14(31) 
11p3/2    9d5/2                    25.36        0.88       25.36(88) 
11p3/2   10d3/2                   42.289       0.090      42.289(90) 
11p3/2   10d5/2                   127.04        0.24      127.04(24) 
11p3/2   11d3/2                    10.18        0.53       10.18(53) 
11p3/2   11d5/2                     29.3         1.5        29.3(1.5)
11p3/2   12d3/2                     4.45        0.15        4.45(15) 
11p3/2   12d5/2                    12.97        0.42       12.97(42) 
11p3/2   13d3/2                    2.705       0.073       2.705(73) 
11p3/2   13d5/2                     7.92        0.21        7.92(21) 
10d3/2    4f5/2      2002         0.7512      0.0095      0.7512(95) 
10d3/2    5f5/2      4005          2.386       0.030       2.386(30) 
10d3/2    6f5/2      8781          7.968       0.091       7.968(91) 
10d3/2    7f5/2                     61.0         1.5        61.0(1.5)
10d3/2    8f5/2                    119.4         1.3       119.4(1.3)
10d3/2    9f5/2                      5.3         1.0         5.3(1.0)
10d3/2   10f5/2                    0.311       0.083       0.311(83) 
10d3/2   11f5/2      9747           0.56        0.37        0.56(37) 
10d3/2   12f5/2      8532           0.74        0.27        0.74(27) 
10d5/2    4f5/2      2000         0.2019      0.0030      0.2019(30) 
10d5/2    4f7/2      2000          0.903       0.014       0.903(14) 
10d5/2    5f5/2      3997         0.6418      0.0069      0.6418(69) 
10d5/2    5f7/2      3997          2.870       0.031       2.870(31) 
10d5/2    6f5/2      8746          2.138       0.022       2.138(22) 
10d5/2    6f7/2      8745          9.561       0.097       9.561(97) 
10d5/2    7f5/2                    16.05        0.37       16.05(37) 
10d5/2    7f7/2                     71.8         1.7        71.8(1.7)
10d5/2    8f5/2                    32.14        0.31       32.14(31) 
10d5/2    8f7/2                    143.8         1.4       143.8(1.4)
10d5/2    9f5/2                     1.22        0.27        1.22(27) 
10d5/2    9f7/2                      5.4         1.2         5.4(1.2)
10d5/2   10f5/2                     0.03        0.15        0.03(15) 
10d5/2   10f7/2                     0.12        0.65        0.12(65) 
10d5/2   11f5/2      9791          0.218       0.094       0.218(94) 
10d5/2   11f7/2      9791           0.98        0.42        0.98(42) 
10d5/2   12f5/2      8566          0.247       0.068       0.247(68) 
10d5/2   12f7/2      8566           1.11        0.30        1.11(30) 
12s1/2    6p1/2       541         0.2073      0.0022      0.2073(22) 
12s1/2    6p3/2       558         0.2886      0.0035      0.2886(35) 
12s1/2    7p1/2      1265         0.4741      0.0046      0.4741(46) 
12s1/2    7p3/2      1295         0.6450      0.0073      0.6450(73) 
12s1/2    8p1/2      2525         1.0023      0.0093      1.0023(93) 
12s1/2    8p3/2      2579          1.348       0.015       1.348(15) 
12s1/2    9p1/2      4922          2.236       0.020       2.236(20) 
12s1/2    9p3/2      5032          3.000       0.033       3.000(33) 
12s1/2   10p1/2                    6.317       0.056       6.317(56) 
12s1/2   10p3/2                    8.582       0.084       8.582(84) 
12s1/2   11p1/2                   46.492       0.095      46.492(95) 
12s1/2   11p3/2                    69.37        0.17       69.37(17) 
12s1/2   12p1/2                    66.43        0.16       66.43(16) 
12s1/2   12p3/2                    91.07        0.27       91.07(27) 
12s1/2   13p1/2                     7.00        0.12        7.00(12) 
12s1/2   13p3/2                    11.43        0.15       11.43(15) 
12s1/2   14p1/2                    2.764       0.041       2.764(41) 
12s1/2   14p3/2                    4.763       0.057       4.763(57) 
12p1/2    5d3/2       651         0.1278      0.0065      0.1278(65) 
12p1/2    6d3/2      1377         0.4148      0.0085      0.4148(85) 
12p1/2    7d3/2      2628          1.029       0.029       1.029(29) 
12p1/2    8d3/2      4899          2.439       0.070       2.439(70) 
12p1/2    9d3/2      9768           6.51        0.20        6.51(20) 
12p1/2   10d3/2                    28.03        0.98       28.03(98) 
12p1/2   11d3/2                   121.61        0.21      121.61(21) 
12p1/2   12d3/2                     23.5         1.4        23.5(1.4)
12p1/2   13d3/2                    10.66        0.43       10.66(43) 
12p3/2    5d3/2       651         0.0519      0.0038      0.0519(38) 
12p3/2    5d5/2       655          0.161       0.010       0.161(10) 
12p3/2    6d3/2      1374         0.1694      0.0037      0.1694(37) 
12p3/2    6d5/2      1383          0.525       0.010       0.525(10) 
12p3/2    7d3/2      2620          0.423       0.014       0.423(14) 
12p3/2    7d5/2      2635          1.308       0.038       1.308(38) 
12p3/2    8d3/2      4871          1.005       0.034       1.005(34) 
12p3/2    8d5/2      4898          3.102       0.094       3.102(94) 
12p3/2    9d3/2      9656          2.670       0.094       2.670(94) 
12p3/2    9d5/2      9722           8.24        0.26        8.24(26) 
12p3/2   10d3/2                    11.12        0.45       11.12(45) 
12p3/2   10d5/2                     34.6         1.3        34.6(1.3)
12p3/2   11d3/2                   54.668       0.092      54.668(92) 
12p3/2   11d5/2                   164.16        0.26      164.16(26) 
12p3/2   12d3/2                    12.44        0.68       12.44(68) 
12p3/2   12d5/2                     35.7         1.9        35.7(1.9)
12p3/2   13d3/2                     5.38        0.19        5.38(19) 
12p3/2   13d5/2                    15.65        0.54       15.65(54) 
11d3/2    4f5/2      1844         0.5350      0.0072      0.5350(72) 
11d3/2    5f5/2      3419          1.494       0.021       1.494(21) 
11d3/2    6f5/2      6382          3.799       0.053       3.799(53) 
11d3/2    7f5/2                    11.47        0.13       11.47(13) 
11d3/2    8f5/2                     83.2         2.0        83.2(2.0)
11d3/2    9f5/2                    151.9         1.7       151.9(1.7)
11d3/2   10f5/2                      8.3         1.3         8.3(1.3)
11d3/2   11f5/2                     1.39        0.71        1.39(71) 
11d3/2   12f5/2                     0.00        0.46        0.00(46) 
11d5/2    4f5/2      1843         0.1439      0.0016      0.1439(16) 
11d5/2    4f7/2      1842         0.6436      0.0073      0.6436(73) 
11d5/2    5f5/2      3415         0.4023      0.0049      0.4023(49) 
11d5/2    5f7/2      3415          1.799       0.022       1.799(22) 
11d5/2    6f5/2      6369          1.023       0.012       1.023(12) 
11d5/2    6f7/2      6369          4.575       0.054       4.575(54) 
11d5/2    7f5/2                    3.080       0.031       3.080(31) 
11d5/2    7f7/2                    13.78        0.14       13.78(14) 
11d5/2    8f5/2                    21.88        0.51       21.88(51) 
11d5/2    8f7/2                     97.8         2.3        97.8(2.3)
11d5/2    9f5/2                    40.91        0.43       40.91(43) 
11d5/2    9f7/2                    183.0         1.9       183.0(1.9)
11d5/2   10f5/2                     1.97        0.34        1.97(34) 
11d5/2   10f7/2                      8.8         1.5         8.8(1.5)
11d5/2   11f5/2                     0.24        0.18        0.24(18) 
11d5/2   11f7/2                     1.06        0.81        1.06(81) 
11d5/2   12f5/2                     0.08        0.12        0.08(12) 
11d5/2   12f7/2                     0.38        0.52        0.38(52) 
13s1/2    6p1/2       530         0.1683      0.0018      0.1683(18) 
13s1/2    6p3/2       546         0.2341      0.0029      0.2341(29) 
13s1/2    7p1/2      1209         0.3688      0.0036      0.3688(36) 
13s1/2    7p3/2      1236         0.5008      0.0057      0.5008(57) 
13s1/2    8p1/2      2311         0.7249      0.0068      0.7249(68) 
13s1/2    8p3/2      2356          0.972       0.011       0.972(11) 
13s1/2    9p1/2      4169          1.417       0.013       1.417(13) 
13s1/2    9p3/2      4248          1.888       0.021       1.888(21) 
13s1/2   10p1/2      7640          3.018       0.026       3.018(26) 
13s1/2   10p3/2      7800          4.025       0.044       4.025(44) 
13s1/2   11p1/2                    8.288       0.073       8.288(73) 
13s1/2   11p3/2                    11.22        0.11       11.22(11) 
13s1/2   12p1/2                    60.05        0.12       60.05(12) 
13s1/2   12p3/2                    89.50        0.22       89.50(22) 
13s1/2   13p1/2                    83.34        0.18       83.34(18) 
13s1/2   13p3/2                   114.15        0.33      114.15(33) 
13s1/2   14p1/2                     8.84        0.14        8.84(14) 
13s1/2   14p3/2                    14.37        0.18       14.37(18) 
13p1/2    5d3/2       638         0.1036      0.0051      0.1036(51) 
13p1/2    6d3/2      1320         0.3240      0.0068      0.3240(68) 
13p1/2    7d3/2      2428          0.755       0.021       0.755(21) 
13p1/2    8d3/2      4247          1.610       0.046       1.610(46) 
13p1/2    9d3/2      7480          3.503       0.099       3.503(99) 
13p1/2   10d3/2                     8.86        0.26        8.86(26) 
13p1/2   11d3/2                     36.7         1.3        36.7(1.3)
13p1/2   12d3/2                   152.53        0.27      152.53(27) 
13p1/2   13d3/2                     28.1         1.7        28.1(1.7)
13p3/2    5d3/2       638         0.0421      0.0030      0.0421(30) 
13p3/2    5d5/2       642         0.1302      0.0084      0.1302(84) 
13p3/2    6d3/2      1318         0.1323      0.0030      0.1323(30) 
13p3/2    6d5/2      1326         0.4103      0.0083      0.4103(83) 
13p3/2    7d3/2      2423          0.311       0.010       0.311(10) 
13p3/2    7d5/2      2436          0.961       0.028       0.961(28) 
13p3/2    8d3/2      4232          0.666       0.022       0.666(22) 
13p3/2    8d5/2      4253          2.052       0.061       2.052(61) 
13p3/2    9d3/2      7432          1.449       0.049       1.449(49) 
13p3/2    9d5/2      7472           4.46        0.13        4.46(13) 
13p3/2   10d3/2                     3.64        0.13        3.64(13) 
13p3/2   10d5/2                    11.23        0.35       11.23(35) 
13p3/2   11d3/2                    14.57        0.60       14.57(60) 
13p3/2   11d5/2                     45.3         1.7        45.3(1.7)
13p3/2   12d3/2                    68.58        0.12       68.58(12) 
13p3/2   12d5/2                   205.88        0.32      205.88(32) 
13p3/2   13d3/2                    14.90        0.84       14.90(84) 
13p3/2   13d5/2                     42.8         2.3        42.8(2.3)
12d3/2    4f5/2      1747         0.4097      0.0057      0.4097(57) 
12d3/2    5f5/2      3100          1.062       0.016       1.062(16) 
12d3/2    6f5/2      5355          2.370       0.038       2.370(38) 
12d3/2    7f5/2      9535          5.437       0.083       5.437(83) 
12d3/2    8f5/2                    15.49        0.18       15.49(18) 
12d3/2    9f5/2                    108.5         2.6       108.5(2.6)
12d3/2   10f5/2                    188.1         2.3       188.1(2.3)
12d3/2   11f5/2                     11.7         1.6        11.7(1.6)
12d3/2   12f5/2                     2.59        0.85        2.59(85) 
12d5/2    4f5/2      1746         0.1103      0.0013      0.1103(13) 
12d5/2    4f7/2      1746         0.4931      0.0058      0.4931(58) 
12d5/2    5f5/2      3098         0.2862      0.0037      0.2862(37) 
12d5/2    5f7/2      3098          1.280       0.017       1.280(17) 
12d5/2    6f5/2      5349         0.6388      0.0087      0.6388(87) 
12d5/2    6f7/2      5348          2.857       0.039       2.857(39) 
12d5/2    7f5/2      9514          1.465       0.019       1.465(19) 
12d5/2    7f7/2      9513          6.553       0.085       6.553(85) 
12d5/2    8f5/2                    4.161       0.042       4.161(42) 
12d5/2    8f7/2                    18.61        0.19       18.61(19) 
12d5/2    9f5/2                    28.54        0.66       28.54(66) 
12d5/2    9f7/2                    127.6         3.0       127.6(3.0)
12d5/2   10f5/2                    50.66        0.56       50.66(56) 
12d5/2   10f7/2                    226.6         2.5       226.6(2.5)
12d5/2   11f5/2                     2.82        0.41        2.82(41) 
12d5/2   11f7/2                     12.6         1.8        12.6(1.8)
12d5/2   12f5/2                     0.53        0.22        0.53(22) 
12d5/2   12f7/2                     2.38        0.98        2.38(98) 
14s1/2    6p1/2       523         0.1405      0.0015      0.1405(15) 
14s1/2    6p3/2       539         0.1953      0.0024      0.1953(24) 
14s1/2    7p1/2      1172         0.2992      0.0029      0.2992(29) 
14s1/2    7p3/2      1197         0.4058      0.0047      0.4058(47) 
14s1/2    8p1/2      2179         0.5614      0.0052      0.5614(52) 
14s1/2    8p3/2      2219         0.7513      0.0085      0.7513(85) 
14s1/2    9p1/2      3758         1.0174      0.0092      1.0174(92) 
14s1/2    9p3/2      3823          1.351       0.015       1.351(15) 
14s1/2   10p1/2      6366          1.894       0.017       1.894(17) 
14s1/2   10p3/2      6477          2.508       0.028       2.508(28) 
14s1/2   11p1/2                    3.910       0.034       3.910(34) 
14s1/2   11p3/2                    5.191       0.056       5.191(56) 
14s1/2   12p1/2                   10.517       0.093      10.517(93) 
14s1/2   12p3/2                    14.19        0.14       14.19(14) 
14s1/2   13p1/2                    75.30        0.15       75.30(15) 
14s1/2   13p3/2                   112.14        0.29      112.14(29) 
14s1/2   14p1/2                   102.15        0.22      102.15(22) 
14s1/2   14p3/2                   139.81        0.39      139.81(39) 
14p1/2    5d3/2       629         0.0865      0.0042      0.0865(42) 
14p1/2    6d3/2      1281         0.2636      0.0056      0.2636(56) 
14p1/2    7d3/2      2301          0.590       0.016       0.590(16) 
14p1/2    8d3/2      3874          1.178       0.033       1.178(33) 
14p1/2    9d3/2      6393          2.302       0.064       2.302(64) 
14p1/2   10d3/2                     4.74        0.13        4.74(13) 
14p1/2   11d3/2                    11.55        0.34       11.55(34) 
14p1/2   12d3/2                     46.5         1.7        46.5(1.7)
14p1/2   13d3/2                   186.86        0.33      186.86(33) 
14p3/2    5d3/2       629         0.0351      0.0025      0.0351(25) 
14p3/2    5d5/2       633         0.1086      0.0069      0.1086(69) 
14p3/2    6d3/2      1280         0.1076      0.0024      0.1076(24) 
14p3/2    6d5/2      1287         0.3337      0.0068      0.3337(68) 
14p3/2    7d3/2      2298         0.2429      0.0078      0.2429(78) 
14p3/2    7d5/2      2309          0.750       0.022       0.750(22) 
14p3/2    8d3/2      3864          0.488       0.016       0.488(16) 
14p3/2    8d5/2      3882          1.503       0.045       1.503(45) 
14p3/2    9d3/2      6367          0.956       0.031       0.956(31) 
14p3/2    9d5/2      6396          2.941       0.086       2.941(86) 
14p3/2   10d3/2                    1.968       0.065       1.968(65) 
14p3/2   10d5/2                     6.05        0.18        6.05(18) 
14p3/2   11d3/2                     4.76        0.16        4.76(16) 
14p3/2   11d5/2                    14.65        0.45       14.65(45) 
14p3/2   12d3/2                    18.49        0.77       18.49(77) 
14p3/2   12d5/2                     57.5         2.2        57.5(2.2)
14p3/2   13d3/2                    84.04        0.14       84.04(14) 
14p3/2   13d5/2                   252.21        0.40      252.21(40) 
13d3/2    4f5/2      1683         0.3288      0.0046      0.3288(46) 
13d3/2    5f5/2      2903          0.813       0.013       0.813(13) 
13d3/2    6f5/2      4793          1.680       0.028       1.680(28) 
13d3/2    7f5/2      7888          3.376       0.058       3.376(58) 
13d3/2    8f5/2                     7.30        0.12        7.30(12) 
13d3/2    9f5/2                    20.01        0.23       20.01(23) 
13d3/2   10f5/2                    136.9         3.3       136.9(3.3)
13d3/2   11f5/2                    227.9         2.8       227.9(2.8)
13d3/2   12f5/2                     15.3         1.9        15.3(1.9)
13d5/2    4f5/2      1682         0.0885      0.0011      0.0885(11) 
13d5/2    4f7/2      1682         0.3958      0.0047      0.3958(47) 
13d5/2    5f5/2      2902         0.2190      0.0029      0.2190(29) 
13d5/2    5f7/2      2902          0.980       0.013       0.980(13) 
13d5/2    6f5/2      4789         0.4532      0.0065      0.4532(65) 
13d5/2    6f7/2      4789          2.027       0.029       2.027(29) 
13d5/2    7f5/2      7877          0.911       0.014       0.911(14) 
13d5/2    7f7/2      7877          4.075       0.061       4.075(61) 
13d5/2    8f5/2                    1.968       0.028       1.968(28) 
13d5/2    8f7/2                     8.80        0.12        8.80(12) 
13d5/2    9f5/2                    5.380       0.055       5.380(55) 
13d5/2    9f7/2                    24.06        0.25       24.06(25) 
13d5/2   10f5/2                    36.04        0.83       36.04(83) 
13d5/2   10f7/2                    161.1         3.7       161.1(3.7)
13d5/2   11f5/2                    61.40        0.70       61.40(70) 
13d5/2   11f7/2                    274.6         3.1       274.6(3.1)
13d5/2   12f5/2                     3.74        0.49        3.74(49) 
13d5/2   12f7/2                     16.7         2.2        16.7(2.2)
